#000000 15 513 132 508 131 000

#000000 15 518 134 513 132 000

#000000 15 523 136 518 134 000

#000000 15 529 139 523 136 000

#000000 15 534 143 529 139 000
#000000 15 538 147 534 143 000

#000000 15 542 152 538 147 000

#000000 15 543 158 542 152 000
#000000 15 542 165 543 158 000

#000000 15 538 171 542 165 000

#000000 15 534 175 538 171 000
#000000 15 530 179 534 175 000

#000000 15 526 184 530 179 000
#000000 15 522 188 526 184 000

#000000 15 519 194 522 188 000
#000000 15 515 199 519 194 000

#000000 15 511 204 515 199 000
#000000 15 509 211 511 204 000

#000000 15 508 217 509 211 000

#000000 15 506 228 507 223 000
#000000 15 508 241 507 235 000
#000000 15 510 247 508 241 000

#000000 15 515 252 510 247 000

#000000 15 520 257 515 252 000
#000000 15 525 260 520 257 000

#000000 15 531 262 525 260 000
#000000 15 537 259 531 262 000

#000000 15 541 251 537 259 000
#000000 15 545 244 541 251 000

#000000 15 553 239 545 244 000
#000000 15 557 235 553 239 000
#000000 15 564 230 557 235 000
#000000 15 570 227 564 230 000

#000000 15 578 223 570 227 000
#000000 15 586 221 578 223 000
#000000 15 593 218 586 221 000
#000000 15 600 216 593 218 000

#000000 15 608 216 600 216 000
#000000 15 614 216 608 216 000

#000000 15 621 216 614 216 000

#000000 15 626 219 621 216 000

#000000 15 627 224 626 219 000

#000000 15 628 230 627 224 000

#000000 15 626 235 628 230 000

#000000 15 623 241 626 235 000

#000000 15 619 245 623 241 000

#000000 15 613 251 619 245 000

#000000 15 608 254 613 251 000

#000000 15 602 258 608 254 000

#000000 15 596 262 602 258 000

#000000 15 591 266 596 262 000

#000000 15 583 271 591 266 000
#000000 15 575 275 583 271 000
#000000 15 571 279 575 275 000
#000000 15 565 284 571 279 000

#000000 15 560 289 565 284 000

#000000 15 556 293 560 289 000
#000000 15 552 299 556 293 000
#000000 15 549 304 552 299 000

#000000 15 546 310 549 304 000
#000000 15 546 317 546 310 000

#000000 15 545 323 546 317 000
#000000 15 545 329 545 323 000
#000000 15 546 335 545 329 000

#000000 15 547 341 546 335 000
#000000 15 549 347 547 341 000

#000000 15 550 352 549 347 000

#000000 15 551 353 551 353 000

#000000 15 557 358 551 353 000

#000000 15 562 360 557 358 000
#000000 15 568 364 562 360 000

#000000 15 573 367 568 364 000
#000000 15 579 368 573 367 000

#000000 15 585 368 579 368 000

#000000 15 591 367 585 368 000
#000000 15 596 364 591 367 000
#000000 15 601 363 596 364 000

#000000 15 615 357 608 360 000
#000000 15 623 353 615 357 000
#000000 15 628 351 623 353 000

#000000 15 633 349 628 351 000
#000000 15 641 346 633 349 000
#000000 15 646 344 641 346 000
#000000 15 651 341 646 344 000
#000000 15 657 339 651 341 000

#000000 15 664 335 657 339 000
#000000 15 672 332 664 335 000
#000000 15 679 331 672 332 000

#000000 15 686 328 679 331 000
#000000 15 693 327 686 328 000
#000000 15 700 326 693 327 000

#000000 15 710 326 700 326 000
#000000 15 717 326 710 326 000
#000000 15 728 326 717 326 000
#000000 15 734 326 728 326 000
#000000 15 740 326 734 326 000

#000000 15 751 327 740 326 000
#000000 15 757 327 751 327 000
#000000 15 762 328 757 327 000
#000000 15 772 330 762 328 000
#000000 15 777 331 772 330 000
#000000 15 784 334 777 331 000

#000000 15 790 335 784 334 000
#000000 15 796 337 790 335 000
#000000 15 801 338 796 337 000

#000000 15 807 339 801 338 000

close_socket

